0.72 0.05 100000 2104
0.67 0.05 100000 2105
0.58 0.05 100000 2106
0.49 0.05 100000 2107
0.83 0.05 100000 2108
0.91 0.05 100000 2109
0.37 0.05 100000 2110
0.44 0.05 100000 2111
0.78 0.05 100000 2112
0.62 0.05 100000 2113
0.53 0.05 100000 2114
0.39 0.05 100000 2115
0.74 0.05 100000 2116
0.46 0.05 100000 2117
0.59 0.05 100000 2118
0.88 0.05 100000 2119
0.93 0.05 100000 2120
0.81 0.05 100000 2121
0.29 0.05 100000 2122
0.33 0.05 100000 2123
0.95 0.05 100000 2124
0.77 0.05 100000 2125
0.56 0.05 100000 2126
0.69 0.05 100000 2127
0.42 0.05 100000 2128
0.31 0.05 100000 2129
0.48 0.05 100000 2130
0.64 0.05 100000 2131
0.79 0.05 100000 2132
0.87 0.05 100000 2133
0.52 0.05 100000 2134
0.73 0.05 100000 2135
0.41 0.05 100000 2136
0.61 0.05 100000 2137
0.85 0.05 100000 2138
0.92 0.05 100000 2139
0.34 0.05 100000 2140
0.47 0.05 100000 2141
0.68 0.05 100000 2142
0.57 0.05 100000 2143
